0.03721660000000071 -0.003104999999997915
-0.03206169999999986 0.012745099999996512
-0.03546670000000063 -0.007006600000003971
0.021268299999995577 0.017653400000000374
0.033834999999996285 -0.015444999999999709
-0.001996800000000576 0.02083679999999788
-0.03529840000000206 -0.007261600000013857
-0.03627010000000297 0.0015151000000059867
0.0261032999999955 -0.01936990000000094
0.0026215999999976702 -0.022961600000002136
0.01584829999999471 -0.022066600000002268
0.018683299999999292 -0.021156600000004744
0.03648829999999492 -0.0007215999999985456
-0.03113670000000468 0.012970099999996876
-0.03546670000000063 -0.007006600000003971
0.03565829999999437 -0.014201600000014025
-0.0036467000000044436 0.020820100000001673
-0.035396699999999726 -0.006956600000002311
0.020508299999995927 0.018091799999986335
0.02406160000001023 -0.019946600000004366
-0.03626180000000545 0.0014367000000063967
0.005019900000000632 -0.02288159999999806
0.02109829999999846 -0.02056490000000366
0.01285989999999515 -0.0223331999999985
0.036218299999994485 0.0015266999999994368
-0.028363399999996375 0.014171700000005671
-0.03546670000000063 -0.007006600000003971
0.03565829999999437 -0.014201600000014025
-0.004898400000001857 0.020788399999986495
0.011486599999997793 -0.02253819999999962
0.01987829999999491 0.018483400000000927
-0.036181800000001374 0.00011169999999793845
0.022663299999997832 -0.020379900000001783
0.0071048999999945295 -0.02271490000000398
0.023188299999993944 -0.019948200000008853
0.03614499999999765 0.0018483999999858725
-0.027065100000001507 0.01463669999999695
-0.035548400000003255 -0.006323299999998255
0.03714329999999677 -0.012571600000001126
-0.010090000000005261 0.020056799999998987
-0.03567010000000437 -0.004331600000000435
0.01769159999999914 0.019308399999999892
-0.035751700000005826 -0.0028800000000046566
0.02042489999999475 -0.021126600000009432
0.008018200000009301 -0.02266490000000232
0.023994899999998154 -0.019688200000004485
0.011486599999997793 -0.02253819999999962
0.036268299999996145 0.002478399999986891
-0.03575840000000596 -0.0043782999999919525
-0.026280100000001028 0.014870099999996
0.037889999999997315 -0.010643299999998135
-0.013578400000000101 0.018690100000007703
-0.03575840000000596 -0.0030533000000048105
0.017348299999994765 0.01936839999999762
0.02042489999999475 -0.021126600000009432
0.010459900000000744 -0.022338200000000086
0.02520829999999563 -0.019326600000013627
0.011486599999997793 -0.02253819999999962
-0.035368400000002964 -0.004478300000002378
0.03577659999999838 0.005943399999999599
-0.023361700000002372 0.015721700000007388
-0.03578510000000534 -0.003591600000000028
0.03801329999999581 -0.009571600000001013
-0.014950000000006014 0.01822509999999511
-0.03603010000000495 -0.0008449999999982083
0.014421599999998591 0.019808399999995174
0.01741160000000974 -0.02182820000000163
0.012601599999996438 -0.022019900000003645
-0.034880100000009406 -0.005515000000002601
0.027574899999997626 -0.01872660000000792
0.011424899999994409 -0.02255320000000438
0.035556599999999605 0.006648399999996002
-0.03600840000000005 -0.0011433000000025118
-0.020958399999990718 0.016483399999998483
0.03807499999999919 -0.0074850000000026284
-0.01722170000000034 0.01747510000000574
-0.03519510000000281 0.0015834000000012338
0.013973200000009456 -0.02183489999999466
-0.034631700000005594 -0.0063882999999904655
0.01392659999999779 -0.02221490000000159
0.011573200000000838 0.020121799999998302
0.030903299999998524 -0.017514900000001887
0.009696599999998057 -0.02285489999999868
0.03514499999999998 0.007558400000000631
-0.03644340000000312 0.001091699999996365
-0.018113399999990065 0.017393399999996006
0.03807499999999919 -0.0074850000000026284
-0.020676700000009873 0.016381699999996613
-0.03573339999999092 0.001866700000000776
0.009661599999994053 0.020283399999996732
-0.034420100000005505 -0.008290000000002351
0.014803299999996966 -0.021736600000004103
0.031041599999994673 -0.0174049000000025
0.00917160000000905 -0.022916600000002063
0.011726599999995813 -0.02247990000000044
0.03423000000000087 0.008763399999992316
-0.015126700000010374 0.01837179999999705
-0.036550099999999475 0.0015816999999955783
0.038093299999999886 -0.007036600000013493
-0.023910100000001933 0.015355099999986521
-0.03606339999999619 0.0019683999999955404
0.006971599999999967 0.0205434000000011
0.010273200000000315 -0.02268990000000315
-0.03375340000000193 -0.00941500000000417
0.015186599999999828 -0.02171990000000079
0.031683299999997416 -0.0170148999999995
0.00917160000000905 -0.022916600000002063
-0.014794999999999447 0.01849179999999251
0.03353500000000054 0.009460099999998306
-0.03674340000000598 0.0028901000000089994
0.037656599999998264 -0.005009999999998627
-0.03680510000000936 0.003883399999999426
-0.025946700000005762 0.014641699999998536
0.0030648999999982607 0.02081679999999153
0.00891320000000917 -0.02292160000000365
-0.03260510000000494 -0.011086599999998725
0.01798329999999737 -0.021298200000011036
0.033724999999996896 -0.015664999999998486
0.006196599999995556 -0.023249900000003265
-0.0131149999999991 0.019000100000006626
-0.03678840000000605 0.004285099999997044
-0.026253400000001648 0.014500100000006455
-0.03664510000000121 0.004548399999990238
0.03709829999998959 -0.0034800000000032583
0.008154899999993859 -0.023021599999999864
-0.031763399999995556 -0.012068300000002807
0.01923659999999927 -0.021074900000002117
-0.0007167999999992958 0.020846800000001053
0.03441329999999709 -0.01520330000000314
0.0011398999999983062 -0.023406600000001276
-0.011463399999989576 0.019510099999997976
0.03193659999999454 0.010396700000008252
-0.0367683999999997 0.004401699999995401
0.03703829999999897 -0.003284999999998206
-0.028003400000002898 0.013913399999985643
-0.03621680000000538 0.005325100000000305
-0.0017801000000048361 0.020821800000000223
0.021709899999997617 -0.02036820000001427
0.004436599999998236 -0.023271600000001058
-0.0303517000000042 -0.013596599999999626
0.03608660000000441 -0.014046600000000353
0.000389899999994725 -0.023439899999999625
-0.010376700000001904 0.019803399999986482
-0.036186799999995856 0.005761700000007863
0.036341600000000085 -0.0006699999999995043
-0.030561699999999803 0.012968399999998326
-0.0352133999999964 0.007675100000000157
-0.004118400000002964 0.0208267999999876
0.023201600000000155 -0.019924899999999468
0.0029582000000090147 -0.023328200000001686
0.03070329999999899 0.01157169999999752
-0.027888400000001923 -0.015585000000001514
0.03658659999999969 -0.013630000000013354
-0.0018417999999940093 -0.023233200000014165
-0.007483400000005247 0.02057010000000048
-0.03520170000000178 0.008431699999995601
0.036051600000000406 0.0014316999999977043
-0.031648400000001686 0.012436700000009182
-0.03449340000000234 0.010231700000005617
0.024828299999995807 -0.019399900000003356
0.0029582000000090147 -0.023328200000001686
0.0300982999999988 0.011973399999995138
0.03669659999999908 -0.013526599999998723
-0.026898400000000322 -0.016261600000014198
-0.00489340000000027 -0.02314489999999836
-0.007483400000005247 0.02057010000000048
0.035949999999999704 0.001863399999997739
-0.03459670000000159 0.010221699999995337
-0.010346699999999487 0.0197633999999951
0.0258365999999981 -0.019066600000002154
0.0007215999999985456 -0.02341660000000445
0.02693659999999909 0.014238399999996432
-0.02590510000000279 -0.016859899999992933
0.03669659999999908 -0.013526599999998723
-0.006201700000005417 -0.02307490000000456
-0.002291799999994737 0.02095179999999175
-0.034295100000001355 0.010915100000005395
0.035928299999994806 0.002551699999997936
-0.03344170000000446 0.011875099999997474
-0.03332670000001059 0.011158399999999347
-0.013018399999999986 0.01881180000000171
0.028704899999993927 -0.0183031999999983
0.024131599999996922 0.016141699999998593
0.037126600000000565 -0.01285000000000025
-0.02402010000000132 -0.018223200000008433
-0.009511700000004453 -0.022986600000002966
-0.0011584000000013361 0.02092679999999092
-0.0337817000000058 0.011733399999997118
0.035616599999997334 0.005026700000001938
-0.03332670000001059 0.011158399999999347
-0.03310340000000167 0.012225100000001987
-0.014636700000004055 0.018331799999998566
-0.0025734000000028345 -0.02317320000000933
0.021469899999999598 0.017535099999996362
-0.023350100000001817 -0.018636600000007775
0.037938300000000424 -0.0104650000000035
-0.010165000000000646 -0.022926599999998132
0.001569899999999791 0.02086510000000885
-0.0324367000000052 0.0126233999999954
0.031079999999995778 -0.01730489999999918
-0.03332670000001059 0.011158399999999347
-0.031836699999999496 0.01276170000000576
0.03544999999999732 0.006245100000001003
-0.035310100000003786 -0.008194999999993513
-0.016251700000005087 0.017835099999999215
-0.005193400000003123 -0.023101600000011047
0.020786599999993882 0.017893399999998394
0.03805999999999443 -0.009975000000004286
-0.018725000000003433 -0.020563199999998005
-0.010950000000001125 -0.022836599999997986
0.004409899999998856 0.020831799999996292
-0.031131700000003093 0.013153400000000204
0.03482999999999947 0.007675100000000157
-0.035320099999999854 -0.008156599999999514
-0.019161700000005055 0.0168850999999961
0.03261999999999432 -0.016161600000003773
-0.0056817000000037865 -0.023069900000002974
0.020673299999998562 0.017955100000001778
0.03822329999999852 -0.0084500000000034
-0.017369999999999663 -0.020928200000000174
-0.013049999999999784 -0.02257990000000376
0.008068200000003856 0.020610099999998965
-0.02781840000000102 0.014383399999999824
0.03482999999999947 0.007675100000000157
-0.03332670000001059 0.011158399999999347
-0.035320099999999854 -0.008156599999999514
-0.02220670000000524 0.015900099999996087
0.03357330000000047 -0.015509999999999025
-0.009138399999990554 -0.022964899999998067
0.018726600000000815 0.01900839999999704
-0.015408400000005429 -0.02148989999999884
0.03821499999999389 -0.00753999999999877
-0.01567170000000573 -0.022016600000000608
0.010966600000010374 0.020211799999998448
-0.027113399999990406 0.01462670000000088
0.03470829999999836 0.00801169999999729
-0.03332670000001059 0.011158399999999347
-0.03546510000000325 -0.007641599999999471
-0.024766700000000696 0.015118399999998644
-0.009816700000001788 -0.022959900000003586
0.035226599999994335 -0.014491599999999494
0.017911599999997918 0.01922679999999133
0.03819000000000017 -0.006979999999998654
-0.017678400000001204 -0.02115489999999909
0.011903199999999003 0.02011510000000527
-0.013225000000005593 -0.0219299000000035
-0.025835100000001887 0.014985099999996976
0.033774999999998556 0.009245100000001116
-0.03332670000001059 0.011158399999999347
-0.025413399999990816 0.015110100000001125
-0.03547670000001091 -0.006928299999998444
-0.02604170000000039 0.0145901000000066
0.03596999999999895 -0.013894999999997992
-0.010783400000001109 -0.02284320000000406
0.017911599999997918 0.01922679999999133
-0.012768400000005897 -0.022154900000003863
0.03776500000000027 -0.005050000000004218
-0.01881670000000213 -0.02082820000000396
0.014136600000000499 0.019745100000001514
-0.024190100000005543 0.01546340000000157
0.033621599999996477 0.009401699999997959
-0.023526700000005007 0.01563670000000883
-0.03332670000001059 0.011158399999999347
-0.0355684000000025 -0.006251600000013013
-0.02604170000000039 0.0145901000000066
0.03661999999999921 -0.013400000000004297
-0.011096700000003068 -0.022813200000001643
-0.010190000000001476 -0.022789899999999363
0.01612659999999977 0.019693400000001304
-0.020271700000002113 -0.020241599999998527
0.01631829999999468 0.019613399999997227
0.037348299999990786 -0.003700000000002035
-0.02130340000000075 0.016393399999998337
0.033336599999998384 0.009786700000006476
-0.019948400000004085 0.016788399999995818
-0.03332670000001059 0.011158399999999347
-0.0356951000000052 -0.004403299999992782
-0.027548400000000584 0.014060100000001796
-0.012251700000000199 -0.02263160000000397
0.03661999999999921 -0.013400000000004297
0.01262819999999465 0.020018399999997882
-0.007785000000005482 -0.022733200000004672
0.037348299999990786 -0.003700000000002035
-0.021966700000000117 -0.019453200000000948
0.016641599999999812 0.019643399999999644
-0.017755000000001075 0.01753179999998622
0.032024999999997306 0.010356699999995556
-0.01629840000000371 0.01797510000000102
-0.03332670000001059 0.011158399999999347
-0.03572340000000196 -0.0042032999999932485
-0.030268400000004192 0.013046699999996747
0.036633299999998314 -0.013386600000004023
-0.015425000000000466 -0.022034899999994195
0.011318199999998058 0.020093400000000372
-0.006043400000002919 -0.022729900000001635
0.0367432999999906 -0.0019166000000012673
-0.02435670000000556 -0.01787490000000247
0.018939899999999454 0.019225099999999884
0.030803299999995204 0.011605099999997037
-0.014515000000002942 0.01860510000000204
-0.014246700000001056 0.01865179999998645
-0.03341509999999914 0.010871699999995599
-0.03593839999999915 -0.0026066000000000145
-0.0312184000000002 0.012676700000000096
0.03764160000000061 -0.011794999999999334
-0.01798000000000144 -0.021054900000002874
0.008824900000000468 0.020343400000001566
-0.0035033999999996013 -0.02277660000001447
0.036393300000000295 0.0006533999999973616
-0.02645840000000277 -0.016718200000013894
0.02107159999999908 0.018095099999996478
-0.01366000000000156 0.018825100000000816
0.030569899999996153 0.01177510000000126
-0.011658400000001734 0.01942839999999535
-0.03418340000000342 0.009690100000007362
-0.03582340000000528 -0.0008616000000074564
-0.0329000999999991 0.011710100000001944
0.03816659999999672 -0.01001329999999001
-0.01891170000000386 -0.020783200000003887
0.006346600000000535 0.020628399999999658
0.036186600000000624 0.0019133999999922935
-0.0267151000000041 -0.01659320000000264
0.021838299999998867 0.017678399999986993
-0.0006951000000015028 -0.02284320000000406
-0.011278400000001909 0.019573399999991636
0.028683299999997303 0.013105099999997094
-0.010188399999989883 0.01989509999999939
-0.03418340000000342 0.009690100000007362
-0.036395100000000014 0.0012283999999951334
-0.033015100000000075 0.01156339999998579
-0.02164340000000209 -0.019646600000001513
0.03818330000000003 -0.009283299999999883
0.002113200000003701 0.020845099999995398
-0.027581700000006037 -0.015950000000003683
0.02383159999999407 0.016596700000008013
-0.00884669999999943 0.020341799999989973
0.025198299999999563 0.015525099999997849
-0.007853400000001898 0.020463399999997023
-0.03462840000000256 0.008523400000001402
-0.03660510000000272 0.0016400999999959254
-0.033015100000000075 0.01156339999998579
-0.022068400000001986 -0.019431600000004323
0.03819829999999058 -0.008646599999998728
-0.0003817999999995436 -0.0228281999999993
-0.000876800000000344 0.02089009999999547
0.03588500000000039 0.005026700000001938
-0.028188399999990565 -0.01554829999999896
0.02599159999999756 0.015278399999999692
-0.007391699999999446 0.020681799999998418
0.022501599999998234 0.016978399999999283
-0.03548170000000539 0.006461700000009785
-0.03705339999999069 0.003290100000008067
-0.02634010000000586 -0.017033200000014403
0.03813499999999692 -0.008156599999999514
-0.001985100000005957 0.0208233999999905
0.00013820000000919208 -0.022864900000001853
-0.03315010000000029 0.011288399999997978
-0.0282351000000034 -0.015520000000002199
0.028158299999994085 0.013751700000000255
0.03567499999999768 0.006430099999995775
-0.0026849999999996044 0.02097679999999258
0.021064899999998943 0.01782010000000156
-0.0012934000000015544 0.02097679999999258
-0.03633840000000532 0.0045517000000003804
-0.0011334000000005062 0.020891799999986915
-0.03682009999999991 0.004473400000001959
0.03814329999999444 -0.007476600000011047
-0.026751700000005485 -0.016794900000000723
-0.03315010000000029 0.011288399999997978
-0.0025951000000006275 0.020813400000001536
0.0030131999999980508 -0.022908200000003376
0.035329999999994754 0.007106700000001354
-0.02993670000000037 -0.014238300000002369
0.0016198999999943453 0.020825099999996155
0.03053990000000084 0.012100099999997838
0.0195282999999975 0.01871179999999839
-0.03633840000000532 0.0045517000000003804
-0.03680179999999922 0.004521700000005069
-0.02757670000000445 -0.01611820000000108
-0.03315010000000029 0.011288399999997978
0.03808999999999685 -0.006444999999999368
-0.005105000000000359 0.020818399999996018
0.0062515999999988026 -0.022839900000001023
0.03512159999999653 0.007363399999995579
-0.03189670000000433 -0.012391600000000835
0.031503299999997125 0.011501699999996617
0.017708299999995347 0.019258399999998232
0.0023032000000000608 0.020946799999997268
-0.036755100000000596 0.0030533999999988737
-0.036713399999996454 0.00484339999999861
-0.028078400000005388 -0.015790000000002635
-0.03315010000000029 0.011288399999997978
0.03756500000000074 -0.004515000000004932
-0.005214999999999748 0.020813400000001536
0.007019899999995971 -0.022759900000004052
0.03470159999999822 0.008196700000006274
-0.03226839999999953 -0.012021600000004184
0.032629999999997494 0.011401700000000403
0.017504899999998713 0.019411800000000312
0.004374900000009063 0.02088510000000099
-0.03639840000000305 0.0015651000000076465
-0.036713399999996454 0.00484339999999861
-0.029851700000001813 -0.014454999999998108
-0.03315010000000029 0.011288399999997978
0.037318299999995475 -0.0037400000000005207
0.00929819999999637 -0.02252820000000355
-0.011418400000003714 0.019371800000001826
0.03368329999999986 0.00929169999999857
-0.033293400000005136 -0.010584999999998956
0.03264499999999515 0.011378399999998123
0.01714829999999523 0.019486799999995696
0.009634899999994673 0.02046010000000109
-0.014623400000004949 0.0183000999999976
-0.036301800000003936 0.0014066999999968743
-0.036713399999996454 0.00484339999999861
-0.03315010000000029 0.011288399999997978
-0.031698400000003346 -0.012738300000002312
0.03687329999998923 -0.002598300000002496
0.013373199999996643 -0.021911600000002807
0.03368329999999986 0.00929169999999857
-0.03397340000000071 -0.009598300000000393
0.03323999999999927 0.010735099999997999
0.016161600000003773 0.019591799999986392
0.011784899999994991 0.02028009999998659
-0.036383400000005395 0.00018170000000594655
0.016303299999997023 0.019691799999996817
-0.01541170000000136 0.01806679999999261
-0.036343399999999804 0.005518399999999701
0.03641660000000968 -0.0006850000000042655
-0.0322084000000018 -0.012199999999999989
-0.03315010000000029 0.011288399999997978
0.03324999999999534 0.009826699999997857
-0.03458009999999945 -0.008745000000004666
0.011673199999997053 0.020105100000002096
0.01468489999999889 0.019976799999987804
0.017916599999999505 0.01947009999999949
-0.03626510000000138 -0.0013065999999994915
-0.019086700000002566 0.01692510000000169
-0.03584840000000611 0.007300100000001919
0.0362316000000007 0.0012617000000076928
-0.03315010000000029 0.011288399999997978
-0.033320100000004516 -0.010660000000001446
0.01573489999999822 -0.021638199999998164
0.03164160000000038 0.010558400000000745
-0.03527509999999978 -0.007281599999998889
0.03323999999999927 0.010735099999997999
0.011673199999997053 0.020105100000002096
0.0215399000000005 0.017841799999992247
0.015901599999999405 0.019923399999989044
-0.023485100000002035 0.015510100000000193
-0.0354801000000009 -0.004288299999991807
-0.03473170000000181 0.010056699999999807
0.03608499999999992 0.001885099999995532
-0.03315010000000029 0.011288399999997978
-0.034161700000005624 -0.009466600000003211
0.01858659999999901 -0.02115820000000923
0.03065159999999878 0.011638399999995386
-0.035448399999999936 -0.006928299999998444
0.03428499999999701 0.010248400000001823
0.018996599999994146 0.01924839999999506
0.007894899999996596 0.020286800000000937
0.0215399000000005 0.017841799999992247
-0.03545670000000456 -0.004888299999990409
-0.0253001000000026 0.01489339999999828
-0.03461339999999069 0.01064839999998668
-0.03463010000000111 -0.008659999999999002
-0.03315010000000029 0.011288399999997978
0.03613329999999593 0.0028201000000009913
0.01965489999999903 -0.02095160000001073
0.02994989999999831 0.01214170000000081
-0.03551339999999925 -0.0063650000000023965
0.03495329999999797 0.009471700000005967
0.020411600000009855 0.018578399999995554
0.024716599999997868 0.016083399999999415
-0.026216699999999094 0.014485100000001694
-0.03490340000000458 -0.0059232999999991875
-0.033796700000003455 0.011820100000001332
-0.0353751000000031 -0.007061600000014323
-0.03315010000000029 0.011288399999997978
0.03591829999999874 0.004725100000001703
0.022748299999989285 -0.020066599999999823
0.02679990000000032 0.01436339999998637
-0.03569339999999954 -0.004901600000010831
0.03495329999999797 0.009471700000005967
0.021314900000000137 0.0180367999999973
0.0023632000000048947 0.021028399999998726
0.028498299999995425 0.013533400000000029
-0.034523400000004756 -0.007190000000001362
-0.026216699999999094 0.014485100000001694
-0.03191670000000357 0.01280339999999569
-0.03327170000000024 0.010960099999998363
-0.035463399999990486 -0.006453300000003992
0.02285659999999723 -0.02004320000000348
0.02399989999999974 0.016258400000005224
0.03569829999999996 0.006253399999998521
-0.035653400000001056 -0.004551600000013423
0.03517000000000081 0.009176699999997595
0.021973299999999085 0.017651799999988782
0.0005132000000003245 0.0209150999999963
0.030906599999994455 0.011835099999998988
-0.03394169999999974 -0.008880000000004884
-0.027883400000000336 0.013805099999999015
-0.030951700000009907 0.013165100000009033
-0.035633400000001814 -0.004755000000002951
-0.03327170000000024 0.010960099999998363
0.03519999999999612 0.007476699999998004
0.024278299999998865 -0.019589899999999716
0.021606599999998366 0.017525100000000293
-0.03569670000000258 -0.004359999999998365
0.02405159999999995 0.016481699999999933
-0.0014534000000026026 0.020821800000000223
0.03240329999999858 0.011646700000007115
-0.03349010000000163 -0.009494999999994036
-0.030025100000003135 0.01295170000000212
-0.027455100000004506 0.014505099999986726
0.03494659999999783 0.007851699999996242
-0.03562010000000271 -0.004511600000007832
-0.033610100000004195 0.01063169999999758
0.024968299999990506 -0.01938660000000425
0.021293299999996407 0.017681799999998304
-0.035876700000009976 -0.0029716000000021836
0.027156599999997866 0.014470099999996933
-0.002313400000005572 0.02083509999999933
0.03595829999999722 0.006293399999997007
-0.03194340000000295 -0.01161660000000353
0.032656599999995706 0.01113009999999548
-0.031025100000000805 0.012631700000000023
-0.026616700000005267 0.01476669999999558
-0.03562010000000271 -0.004511600000007832
-0.034191700000000935 0.009773399999986054
0.03494659999999783 0.007851699999996242
0.02782489999999882 -0.018631599999999082
0.018556599999996592 0.019095100000001253
-0.03584340000000452 -0.0008616000000074564
0.036063299999995024 0.005611700000009989
0.030278299999999092 0.012313399999996477
-0.003495000000000914 0.020855099999998572
-0.031340100000001314 -0.012376600000010285
-0.03243009999999913 0.012065100000008044
0.03283660000001021 0.010858399999996493
-0.02574840000000478 0.015028399999998499
0.03494659999999783 0.007851699999996242
-0.034823400000000504 0.008135099999996953
-0.03572170000000341 -0.0031932999999995104
0.030958299999994665 -0.017493200000004094
0.017848299999990047 0.019253399999996645
-0.036515100000002576 0.0013433999999961088
0.03627999999999787 0.003921700000006467
0.031386600000004705 0.011538399999992066
0.03283660000001021 0.010858399999996493
-0.02996339999999975 -0.013911600000014346
-0.023851700000001586 0.015511699999997575
-0.0330934000000056 0.011241699999999355
-0.03606510000000185 0.005470099999996592
-0.035913400000005424 -0.0011683000000033417
0.03408499999999748 0.008913399999997296
0.031479999999994845 -0.017203200000004415
0.016371599999999376 0.01953179999999577
-0.03665510000000438 0.0016000999999974397
0.036508299999994165 0.0021533999999974185
0.032503299999994795 0.011511700000006897
-0.009830000000000894 0.01987009999999856
-0.0330934000000056 0.011241699999999355
0.033798300000000836 0.010491699999995774
-0.02844670000000349 -0.015236600000008593
-0.02086010000000016 0.016506700000000762
0.03359999999999985 0.009436700000009068
-0.03614010000000434 0.0007000999999959845
0.033798300000000836 -0.01567330000000311
0.014176599999998984 0.019798399999992
-0.03670840000000197 0.0017666999999974564
-0.03655510000000106 0.00446170000000734
0.03680829999999702 0.0012850999999969304
0.0328716 0.011148399999989067
-0.013913399999999854 0.018560100000001967
-0.0330934000000056 0.011241699999999355
-0.027890100000000473 -0.01563660000000766
0.03487829999999548 0.009411700000008238
-0.017125000000000057 0.01771839999999969
-0.03684510000000074 0.003340099999995516
0.03327159999999907 0.009858399999998824
0.011613199999999324 0.020056799999998987
0.0342332999999968 -0.015325000000004252
-0.03700680000000034 0.003713399999995204
0.03680829999999702 0.0012850999999969304
0.03463329999999587 0.009988399999997455
-0.03652510000000575 0.001650100000006205
-0.014945000000004427 0.018251800000001595
-0.0330934000000056 0.011241699999999355
0.03491329999999948 0.009385099999995816
-0.02710170000001 -0.016234899999993502
-0.03630340000000132 0.0015367000000097164
0.03284999999999627 0.010035099999996078
-0.03668179999998955 0.00199169999999782
-0.014855000000004281 0.01847839999999934
0.010163199999993822 0.020188400000002105
0.036026599999999576 -0.014198300000003883
-0.03687340000000461 0.004611700000005214
0.036786599999999225 0.0011350999999990563
0.034958299999999554 0.009623399999995286
-0.02608510000000308 -0.016786600000003205
-0.0330934000000056 0.011241699999999355
0.03491329999999948 0.009385099999995816
-0.01397670000000062 0.01873340000000212
-0.036983399999989786 0.003528400000000431
-0.03636340000000615 0.0014200999999971486
0.03123499999999524 0.011081700000005412
0.036446599999997886 -0.013694999999998458
-0.03687340000000461 0.004611700000005214
0.03678329999999619 3.999999999848569e-05
0.03537499999999483 0.008626700000000653
-0.023668400000005363 0.015466699999997502
-0.02464670000000524 -0.017993200000013587
-0.0330934000000056 0.011241699999999355
-0.010825000000004081 0.019713399999986336
-0.03676510000000377 0.00453670000000983
0.031059999999996535 0.011348399999995706
0.0016998999999984221 0.020908399999996163
0.03757659999999419 -0.011994999999998868
-0.03679840000000212 0.004745100000000946
0.03692829999999958 -0.0016032999999922026
0.03589000000000908 0.007023400000001345
-0.02614170000000371 0.014515099999997005
-0.0330934000000056 0.011241699999999355
-0.023631700000009914 -0.018589900000002046
-0.008690000000001419 0.020363399999986598
0.030164899999995498 0.012021700000005353
-0.03581670000000514 -0.0015800000000041337
-0.036756799999999146 0.0045533999999989305
0.03589499999999646 0.006236700000009421
0.03592159999999467 0.006521700000007513
-0.0011033999999909838 0.020843399999996848
0.038118300000000715 -0.010240000000003135
-0.03679840000000212 0.004745100000000946
0.03740659999999707 -0.0030250000000009436
-0.026286699999999996 0.014468399999998383
0.036138299999997514 0.00406009999999668
-0.0330934000000056 0.011241699999999355
-0.018900000000002137 -0.020469900000001928
-0.007680000000000575 0.02062010000000214
-0.03536340000000138 -0.004258300000003601
-0.03651679999999402 0.004938399999986132
0.02664659999999941 0.014468399999998383
-0.001470100000005914 0.02085179999998843
0.03812159999999665 -0.009775000000004752
-0.03634510000000546 0.005723399999986611
0.037788299999995445 -0.0036850000000043792
0.036328299999993874 0.004066699999995649
-0.029010100000000705 0.01342339999998643
-0.0330934000000056 0.011241699999999355
0.03662829999999673 0.0015733999999909543
-0.017498400000000913 -0.020946600000002036
-0.0025734000000028345 0.020943400000000167
-0.03592340000000149 0.006366700000000947
-0.03509670000000398 -0.004944999999999311
0.024259899999997003 0.016083399999999415
-0.002083399999996516 0.020883399999995333
0.03820999999999941 -0.008503299999993885
-0.03515010000000274 0.008820100000001219
0.038076599999996574 -0.004553300000004867
0.0367999999999995 0.0016534000000021365
-0.030675100000003397 0.012768399999998792
-0.0330934000000056 0.011241699999999355
0.03671829999999687 0.0012566999999990003
-0.016113400000001832 -0.021431599999999662
-0.0010751000000013278 0.020946799999997268
-0.034715099999999666 -0.00609330000000341
-0.03516510000000039 0.008363399999986143
0.020948300000000586 0.01782010000000156
-0.005290000000002237 0.020868399999997678
0.03819999999999624 -0.008415000000013606
0.03821329999999534 -0.0048850000000015825
0.03685829999999868 0.0013433999999961088
-0.03459670000000159 0.01052010000000081
-0.03250340000000307 0.01206839999999687
-0.013973400000004688 -0.021859900000002597
-0.0330934000000056 0.011241699999999355
0.03678329999999619 -0.0005750000000048772
0.0018798999999987132 0.020933399999996993
0.020349899999999366 0.018215100000006146
-0.03445340000000385 -0.007851600000009284
-0.03464010000000428 0.010006700000005253
-0.01017500000000382 0.019830099999985862
0.03822659999999445 -0.007468299999999317
-0.034581700000003934 0.010540100000007158
0.03821329999999534 -0.0048850000000015825
0.03685829999999868 -0.00029000000001389026
-0.03250340000000307 0.01206839999999687
-0.0330934000000056 0.011241699999999355
-0.012860000000003424 -0.021884900000003427
0.03716329999999601 -0.0026316000000008444
0.004074899999999104 0.020896799999995608
0.01764329999999603 0.019320100000001617
-0.03457010000000338 0.01015509999999864
-0.03376169999999945 -0.009329999999998506
-0.014290000000002578 0.018423399999988987
0.038204999999997824 -0.006791599999999676
-0.03404670000000465 0.011443399999997439
0.03821329999999534 -0.0048850000000015825
0.037334999999998786 -0.0025933000000009088
-0.03296510000000552 0.011666699999999253
-0.010836700000005806 -0.02224989999999849
-0.03375510000000048 0.010148399999991398
0.03763659999999902 -0.003213299999991648
0.00862489999999383 0.020463399999997023
-0.0339917000000014 0.011303399999995634
-0.03321010000000513 -0.010181600000002788
0.017579899999994097 0.019348399999991273
-0.01630670000000123 0.017816799999991417
0.03767329999999447 -0.004888299999990409
-0.03249010000000396 0.012605100000001812
0.03821329999999534 -0.0048850000000015825
0.0379265999999987 -0.003696600000004935
-0.0331284000000025 0.011321699999996326
0.03800329999999974 -0.00424160000000029
-0.03399339999999995 0.00964839999998901
-0.010836700000005806 -0.02224989999999849
0.011988200000004667 0.020131800000001476
-0.032806700000001854 0.01243339999999904
-0.03169170000000321 -0.012151600000009921
0.014516600000000324 0.019746800000000064
-0.02148010000000511 0.01615669999999625
0.037259999999996296 -0.0036300000000082377
-0.03184670000000267 0.012868400000002111
0.03821329999999534 -0.0048850000000015825
0.03808659999999975 -0.004276600000004294
-0.0331284000000025 0.011321699999996326
0.03805829999999588 -0.004706599999998673
-0.00904670000000607 -0.022516600000002995
-0.03399339999999995 0.00964839999998901
0.012751599999994312 0.01987009999999856
-0.03196009999999916 0.012788399999998035
-0.03087510000000293 -0.013175000000003934
0.011078200000000038 0.02016510000000693
-0.025493400000001998 0.014848399999991102
0.03716160000000457 -0.0033415999999988344
-0.030741700000000094 0.013333400000000495
0.03821329999999534 -0.0048850000000015825
0.038076599999996574 -0.004651600000009637
-0.0331284000000025 0.011321699999996326
-0.00761669999999981 -0.022574900000002174
-0.034105100000004995 0.009485099999999136
0.03800499999999829 -0.004918299999999931
0.01612829999999832 0.01975840000000062
-0.031183400000003303 0.013080099999996264
-0.02949170000000123 -0.014459999999999695
0.007338199999999517 0.0205817999999951
-0.026013399999996523 0.01463669999999695
0.03654499999999672 -0.001606600000002345
-0.0279467000000011 0.014398399999990374
0.038394999999994184 -0.005455000000004873
0.038126599999998234 -0.004725000000000534
-0.03345339999999908 0.011033399999995197
-0.006331700000004048 -0.022654899999999145
0.03794160000000346 -0.005121600000002502
-0.03519170000000571 0.006920100000002094
0.01691160000000025 0.01967340000000206
0.0020915999999999713 0.020893399999998508
-0.028293400000002578 0.014153399999997873
-0.028326700000000926 -0.015451599999998678
-0.026013399999996523 0.01463669999999695
0.03636159999999933 0.00021339999998559733
-0.027125099999999236 0.01465170000000171
0.038394999999994184 -0.005455000000004873
0.03816499999999934 -0.004780000000003781
-0.03349170000000612 0.010951699999999676
-0.035865100000002315 0.005148399999995945
-0.005618400000003021 -0.022683200000010117
0.03799829999999815 -0.005138299999991602
0.01989489999999705 0.018850100000001646
-0.028140100000001667 -0.015641600000002143
-0.0011968000000024404 0.020821800000000223
-0.02859340000000543 0.013551700000000722
0.03620499999999538 0.001623399999992614
-0.02670170000001093 0.014793400000002066
-0.027090100000002337 0.014598399999989908
0.038394999999994184 -0.005455000000004873
0.03816499999999934 -0.004780000000003781
-0.027001699999999573 -0.016326600000013514
-0.03349170000000612 0.010951699999999676
0.03799829999999815 -0.005138299999991602
-0.03602340000000481 0.004640099999996039
-0.0018367999999995277 -0.02277660000001447
0.021863299999999697 0.017738399999991827
-0.0034599999999898046 0.02088839999999692
-0.027090100000002337 0.014598399999989908
-0.030135100000002524 0.012923399999991148
0.03608660000000441 0.001986700000010444
-0.02670170000001093 0.014793400000002066
0.038394999999994184 -0.005455000000004873
0.03816499999999934 -0.004780000000003781
-0.03349170000000612 0.010951699999999676
-0.03603839999999536 0.004591699999998866
0.03799829999999815 -0.005138299999991602
0.022028299999995227 0.01763340000000113
-0.005100000000005878 0.020856799999997122
-0.025695100000000082 -0.017236600000003932
-0.02681840000000335 0.014686700000005715
-0.031810100000001285 0.012321700000008207
0.03602159999999799 0.0034083999999978687
-0.025396700000001715 0.01518169999999941
0.038394999999994184 -0.005455000000004873
0.03816499999999934 -0.004780000000003781
-0.03349170000000612 0.010951699999999676
-0.0005483999999995604 -0.02283489999999233
0.03799829999999815 -0.005138299999991602
-0.036593400000001 0.003358399999996209
0.024569899999995926 0.016231700000005844
-0.010218399999999406 0.01973339999999979
-0.02627170000000234 0.0148666999999989
-0.02392509999999959 -0.018388200000003962
-0.03218509999999952 0.012165099999997153
-0.02281339999998977 0.015928399999999954
0.03578659999999445 0.005416699999997832
0.038394999999994184 -0.005455000000004873
0.03816499999999934 -0.004780000000003781
-0.0338167000000027 0.010365100000008454
1.3200000005042511e-05 -0.02285820000000882
0.03799829999999815 -0.005138299999991602
-0.03624680000000069 0.0015666999999979225
0.026864899999999636 0.014698399999986123
-0.02453670000000585 0.015353399999995077
-0.014350000000000307 0.018401799999992363
-0.03310510000000022 0.011263399999997148
-0.02047670000001034 0.01666840000000036
0.038394999999994184 -0.005455000000004873
0.03567659999999506 0.006278399999999351
0.03816499999999934 -0.004780000000003781
-0.03410170000000079 0.009751699999995367
0.0029498999999972852 -0.022916600000002063
-0.036238400000002 0.0015266999999994368
0.03799829999999815 -0.005138299999991602
0.029654899999997042 0.012770099999997342
-0.02242509999999953 0.01602009999999865
-0.019241700000002027 -0.0204099000000042
-0.014755000000000962 0.01826340000000215
-0.03310510000000022 0.011263399999997148
0.035080000000000666 0.007621700000001397
-0.017183400000000404 0.01771839999999969
0.038394999999994184 -0.005455000000004873
0.03816499999999934 -0.004780000000003781
-0.034863400000006095 0.007853400000001898
0.006499899999994341 -0.022848199999998542
0.03799829999999815 -0.005138299999991602
-0.036238400000002 0.0015266999999994368
0.031013299999997912 0.011850099999996644
-0.017436700000004635 -0.0209266000000099
-0.017700000000004934 0.01735179999998593
-0.019335099999999272 0.01701339999999618
-0.03310510000000022 0.011263399999997148
0.035046599999994044 0.007675100000000157
0.038393299999995634 -0.005555000000008192
-0.014594999999999914 0.018575100000006728
0.03816499999999934 -0.004780000000003781
-0.03595010000000087 0.005238399999996091
0.007974900000000673 -0.022708200000003842
0.03799829999999815 -0.005138299999991602
-0.03616010000000358 0.00030669999999588526
0.03217159999999808 0.011656699999996079
-0.02151669999999939 0.016128399999999488
-0.01523000000000252 -0.021611600000014164
-0.01617339999999956 0.018028399999998612
-0.03310510000000022 0.011263399999997148
0.035046599999994044 0.007675100000000157
-0.014150000000000773 0.018728400000000534
0.03842999999999819 -0.005756599999998002
0.03816499999999934 -0.004780000000003781
-0.03626510000000138 0.004355099999997947
0.012169899999996403 -0.022179900000004693
0.03799829999999815 -0.005138299999991602
-0.035631700000003264 -0.0019766000000132067
0.03273659999999978 0.01115509999999631
-0.025133400000001416 0.014963399999992077
-0.03310510000000022 0.011263399999997148
-0.014671700000000953 0.018536799999999687
0.03468660000000057 0.008275100000005864
-0.011073400000000788 0.01960679999999826
-0.013093400000002475 -0.021911600000002807
0.03842999999999819 -0.005756599999998002
0.03816499999999934 -0.004780000000003781
-0.036548400000000925 0.0022966999999951554
0.012448199999994358 -0.022141600000004757
0.03799829999999815 -0.005138299999991602
-0.03527840000000282 -0.004426600000009273
0.03273659999999978 0.01115509999999631
-0.013621700000001624 0.018830099999995298
-0.026338400000000206 0.014478400000001557
-0.011981699999999762 -0.022156600000002413
-0.03310510000000022 0.011263399999997148
0.03402499999999975 0.00897510000000068
-0.008150000000000546 0.02049679999999654
0.03842999999999819 -0.005756599999998002
0.03816499999999934 -0.004780000000003781
-0.03622680000000145 0.0009651000000090448
0.013636599999998111 -0.021924899999994807
0.03799829999999815 -0.005138299999991602
-0.035130100000003495 -0.004726599999997916
0.03380159999999677 0.010558400000000745
-0.011350000000000193 0.01954510000000198
-0.026338400000000206 0.014478400000001557
-0.011406700000009096 -0.02219820000001249
-0.03310510000000022 0.011263399999997148
0.033743299999990484 0.009300099999997258
-0.007443399999999656 0.020653400000000488
0.03847329999999971 -0.005920000000003256
0.03816499999999934 -0.004780000000003781
-0.03603839999999536 -0.0005816000000038457
0.01476159999999993 -0.02179490000000328
0.03799829999999815 -0.005138299999991602
-0.03446339999999992 -0.0058716000000131885
0.034906599999999344 0.009568399999999144
-0.009980000000005873 0.019930099999996287
-0.008910000000000196 -0.022519900000013138
-0.03310510000000022 0.011263399999997148
0.03292829999999469 0.010035099999996078
-0.0013101000000048657 0.02096679999999651
0.03847329999999971 -0.005920000000003256
-0.026338400000000206 0.014478400000001557
0.03816499999999934 -0.004780000000003781
-0.03595340000000391 -0.003084999999998672
0.015121600000000512 -0.021808200000009492
0.03799829999999815 -0.005138299999991602
-0.03443670000000054 -0.0077265999999980295
0.03516160000000923 0.009301700000001745
-0.007343400000003442 0.020615100000007658
-0.007071700000004455 -0.022609899999991967
-0.03310510000000022 0.011263399999997148
0.03292829999999469 0.010035099999996078
0.0001849000000007095 0.020968400000000997
0.03847329999999971 -0.005920000000003256
-0.026395100000002003 0.014455099999999277
0.03816499999999934 -0.004780000000003781
-0.03526169999999951 -0.004630000000013013
0.03799829999999815 -0.005138299999991602
-0.033665100000000336 -0.009385000000001753
0.01884330000000034 -0.021263199999999927
0.035584999999997535 0.007950099999995075
-0.004326700000000017 0.020931799999992506
-0.005911700000005737 -0.02266320000000377
-0.03310510000000022 0.011263399999997148
0.03173660000000922 0.010573399999991295
0.004346599999998091 0.02090010000000575
0.03866000000000014 -0.0072583000000037146
-0.030141700000001492 0.01287839999999818
0.03816499999999934 -0.004780000000003781
-0.03461670000000083 -0.005861600000002909
0.019901599999997188 -0.021026600000013218
0.03799829999999815 -0.005138299999991602
-0.03357840000000323 -0.009566599999999426
0.03598329999999805 0.00669510000000173
-0.0014517999999910103 0.020965100000005066
-0.002986700000001008 -0.022723200000008603
-0.03314670000000319 0.011060100000001682
0.031154999999998267 0.011196700000006388
0.009314899999999682 0.020423399999991432
0.03866829999999055 -0.007420000000003313
-0.03146339999999981 0.012400100000000691
0.03816499999999934 -0.004780000000003781
-0.034471700000004546 -0.007483300000004078
0.023243299999990086 -0.019988200000000234
0.03799829999999815 -0.005138299999991602
-0.03175170000000094 -0.012035000000004459
0.03601829999999495 0.006081699999995749
-0.0007868000000001985 0.020986799999995753
-0.0005734000000003903 -0.022813200000001643
0.030414899999996692 0.01187840000000051
0.011671599999999671 0.020163400000001275
0.03865659999999593 -0.007893299999999215
-0.033190100000005884 0.011100100000000168
0.03816499999999934 -0.004780000000003781
-0.033510100000000875 0.01029169999999624
-0.03399510000000561 -0.00930329999999202
0.023346599999996442 -0.019949899999993193
0.03799829999999815 -0.005138299999991602
-0.03161010000000175 -0.012193299999999851
0.0364766000000003 0.002850099999996303
-5.5100000004415506e-05 0.020928399999995406
-0.0005734000000003903 -0.022813200000001643
0.03012329999999963 0.012078400000000045
0.01337819999999823 0.020038399999997125
-0.03323670000000334 0.011025099999997678
0.03858160000000055 -0.008906600000003095
0.03816499999999934 -0.004780000000003781
-0.03387840000000608 0.009591700000001424
-0.03386340000000132 -0.009516600000004871
0.02467329999998924 -0.019498200000008126
0.03799829999999815 -0.005138299999991602
-0.03098510000000232 -0.012996600000001024
0.036814999999997156 0.0015100999999972942
0.003551599999994437 0.020883399999995333
-0.0005734000000003903 -0.022813200000001643
0.027291599999998084 0.014026699999995174
0.01633829999999392 0.019781799999996963
0.038393299999995634 -0.01115159999999804
-0.03323670000000334 0.011025099999997678
0.03816499999999934 -0.004780000000003781
-0.034326700000001154 0.008835099999998874
-0.0321601000000058 -0.011748300000000711
0.025573299999990695 -0.019216600000000028
0.03799829999999815 -0.005138299999991602