0.005485389069712911 1.0000102795343433
0.05317696854463014 1.0086511453727853
0.07028288882173071 1.0046866768213736
0.07408763019671002 1.0051931559015677
0.07674155611273213 1.0131562466764017
0.07976910159963194 0.9758277514377445
0.09255637471509925 0.9918477128566492
0.6149593180191361 1.084876289273947
0.6371670121326627 1.07063337962727
0.7260306584726494 1.0482661330959733
0.7654657332905987 1.0373997743278096
0.7880871829581947 1.0299609172814452
0.8511995385673208 1.002651585778729
0.8743165225810929 1.0064706598678044
0.9496856035996293 0.9953792330404202
0.9531565965874248 0.9867928539741596
1.0406651542940863 0.9900581942079637
1.0644012578736213 0.9813344887636708
1.136865837458466 0.9943692060960035
1.1382881529071778 0.9857803912363762
1.1826644918836258 0.9916000140842637
1.2948906518442402 1.023675663786787
1.4389531243310352 1.0298244326302408
1.4725383922143975 1.027399187194488
1.5169155065388917 1.0247508518138801
1.8327149309380586 1.0312581733274468
1.8838486943547035 1.0386306903460099
1.9596765255216524 1.0512531893042913
2.0377164178268226 1.0651697459932665
2.046901364363851 1.0668546146296505
2.1150812494754914 1.061010116425346
2.1386668528238255 1.0538672869718
2.1666318345514335 1.0474239571118504
2.714672589867124 1.0393365049646481
2.7765826697658635 1.03984485416921
2.8208307036471845 1.0355327862263033
2.8545651265059453 1.0309738114594724
3.0207633606804327 1.0097479823711215
3.050976519283022 1.0030936797159415
3.066833513883716 1.003807823434464
-3.106467920858791 1.0090887201061425
-2.9944216507618338 1.039835862427178
-2.8244524917056357 1.1080843076322229
-2.80554007627259 1.1146701218955137
-2.80554007627259 1.1146701218955137
-2.7209014671524927 1.1509711247235057
-2.6786534196726968 1.1703983153929496
-2.600149022001841 1.197911892891987
-2.5257433795493704 1.2073343612746779
-2.5257433795493704 1.2073343612746779
-2.460124343140665 1.2040634381346098
-2.3580639289239023 1.2110344201310375
-2.3526812434239384 1.2121567221185476
-2.262803989722561 1.1943830972498286
-2.2196749918997116 1.1938653898115956
-2.204026056933999 1.177367470743745
-2.171999977165717 1.172438478484889
-2.167221511072609 1.183959295780703
-2.150124622308597 1.1706382929131227
-2.1300087716336478 1.180674416602138
-2.094427706861734 1.1661668611319214
-2.0691012261898942 1.181127582044651
-2.0691012261898942 1.181127582044651
-2.0320433835729825 1.1602129838078166
-1.992754354595315 1.1750115585918215
-1.9549198723968821 1.1688334524139743
-1.936807865727029 1.1431727600785504
-1.9164938382943875 1.1397045824571248
-1.9099802841375058 1.1568499167529223
-1.8841861803396505 1.1529029473672017
-1.8823834461237015 1.1360676587203948
-1.8563544004316888 1.1505456781756245
-1.8501265246737901 1.1514465855682747
-1.8501265246737901 1.1514465855682747
-1.8501265246737901 1.1514465855682747
-1.848526894949556 1.1516859719732753
-1.8284683028775277 1.1344480335861316
-1.805184010283802 1.1539215343935938
-1.7923394960584367 1.1535939297530389
-1.7673276882119329 1.13488572224094
-1.7450457970820825 1.1326460947944674
-1.6936441403703404 1.13221345478307
-1.6349643772546714 1.129934902095601
-0.40436513605531216 1.0347558589886559
-0.350444742218613 1.0387125885755357
-0.33758571300760915 1.0388680237196357
-0.33758571300760915 1.0388680237196357
-0.33758571300760915 1.0388680237196357
-0.3359682611880622 1.0362306510774282
-0.3167291463351919 1.0072550915170146
-0.3061268196678486 1.0303944059294634
-0.27388195397322507 1.0013405204702919
-0.22129671054157532 1.0019482893578628
-0.2142204102035779 1.0114116974992715
-0.21251285115694266 1.0085409716275715
-0.1764789004853893 1.0046352320853629
-0.15057076964084004 0.9996031624021267
-0.14216893587947035 0.998178717251044
-0.05635663360791602 0.9967853039005252
-0.04164748990109014 0.9966667799953155
-3.15 1.0
3.15 1.0
